4294967294,0
4294967279,111
4294967279,110
4294967279,109
4294967279,108
4294967279,107
4294967279,106
4294967279,105
4294967279,104
4294967279,103
4294967279,102
4294967279,101
4294967279,100
4294967279,99
4294967279,98
4294967279,97
4294967279,96
4294967279,95
4294967279,94
4294967279,93
4294967279,92
4294967279,91
4294967278,269
47,5
47,2
47,8
47,7
47,6
4294967279,287
4294967278,268
47,1
0,7
47,4
35,5
4294967278,182
35,4
25,4
4294967278,180
4294967278,267
4294967278,266
4294967278,10
4294967278,9
4294967278,5
4294967278,4
4294967279,131
4294967279,130
4294967279,129
4294967279,128
4294967279,127
4294967279,126
4294967279,125
4294967279,124
4294967279,123
4294967279,122
4294967279,121
4294967279,120
4294967279,119
4294967279,118
4294967279,117
4294967279,116
4294967279,115
4294967279,114
4294967279,113
4294967279,112
38,1
4294967294,22
4294967294,99
4294967294,1020
4294967279,271
4294967294,5
4294967278,265
4294967278,264
4294967278,7
4294967279,132
4294967294,43
4294967294,53
4294967294,84
4294967294,7
4294967279,143
4294967278,263
4294967278,6
4294967294,42
49,5
4294967278,139
49,4
49,3
49,2
49,1
4294967278,138
4294967294,96
4294967294,94
4294967279,137
4294967278,262
4294967294,6
4294967279,138
4294967278,261
4294967294,8
4294967294,93
35,1
4294967279,286
4294967294,107
46,4
4294967279,285
4294967278,132
4294967278,131
4294967278,130
4294967278,129
4294967278,244
4294967278,127
4294967278,20
4294967278,19
4294967278,18
4294967278,17
4294967278,16
4294967278,15
4294967278,14
4294967278,13
4294967278,12
4294967278,11
4294967278,8
4294967279,8
4294967278,175
4294967294,431
4294967279,284
4294967278,260
4294967278,259
4294967278,0
4294967278,128
4294967279,283
4294967279,260
4294967279,0
14,4
4243767290,0
4294967294,453
4294967294,454
4294967294,419
4294967294,422
4294967294,444
4294967294,442
4294967294,95
4294967294,420
4294967294,161
4294967294,582
4294967294,421
4294967294,51
4294967294,1154
4294967294,477
4294967294,415
4294967294,52
4294967294,473
2,4
4294967294,104
4294967294,160
4294967294,119
4294967294,164
4294967294,168
4294967294,162
4294967294,1022
4294967294,30
4294967294,92
12,4
4294967294,14
4294967294,18
4294967294,20
4294967294,1023
6,4
7,4
4294967294,12
4294967294,471
4294967294,1153
4294967294,81
4294967294,1038
4294967294,1035
4294967294,11
4294967278,126
4294967278,125
4294967278,124
4294967278,123
4294967278,122
4294967278,121
4294967278,120
4294967278,119
4294967278,118
4294967278,117
4294967278,116
4294967278,115
4294967278,114
4294967278,113
4294967278,112
4294967278,111
4294967278,110
4294967278,109
4294967278,108
4294967278,107
4294967278,106
4294967278,105
4294967278,104
4294967278,103
4294967278,102
4294967278,101
4294967278,100
4294967278,99
4294967278,98
4294967278,97
4294967278,96
4294967278,95
4294967278,94
4294967278,93
4294967278,92
4294967278,91
4294967278,90
4294967278,89
4294967278,87
4294967278,86
4294967278,85
4294967278,84
4294967278,83
4294967278,82
4294967278,81
4294967278,80
4294967278,79
4294967278,78
4294967278,77
4294967278,76
4294967278,75
4294967278,74
4294967278,73
4294967278,72
4294967278,71
4294967278,70
4294967278,69
4294967278,68
4294967278,67
4294967278,66
4294967278,65
4294967278,64
4294967278,63
4294967278,62
4294967278,61
4294967278,60
4294967278,59
4294967278,58
4294967278,57
4294967278,56
4294967278,55
4294967278,54
4294967278,53
4294967278,52
4294967278,51
4294967278,50
4294967278,49
4294967278,48
4294967278,47
